24
-45.0 0.0 0.0 1.0
-50.0 0.0 0.0 1.0
-50.0 200.0 0.0 1.0
 50.0 200.0 0.0 1.0
 50.0 0.0 0.0 1.0
 45.0 0.0 0.0 1.0
 45.0 195.0 0.0 1.0
-45.0 195.0 0.0 1.0
-45.0 0.0 3.0 1.0
-50.0 0.0 3.0 1.0
-50.0 200.0 3.0 1.0
 50.0 200.0 3.0 1.0
 50.0 0.0 3.0 1.0
 45.0 0.0 3.0 1.0
 45.0 195.0 3.0 1.0
-45.0 195.0 3.0 1.0
-45.0 0.0 -1.0 1.0
 17.23 0.0 -63.23 1.0
-45.0 194.0 -1.0 1.0
 17.23 194.0 -63.23 1.0
-44.0 0.0 0.0 1.0
 18.23 0.0 -62.23 1.0
-44.0 194.0 0.0 1.0
 18.23 194.0 -62.23 1.0
36
0 1
1 2
2 3
3 4
4 5
5 6
6 7
7 0
8 9
9 10
10 11
11 12
12 13
13 14
14 15
15 8
16 17
17 19
19 18
18 16
20 21
21 23
23 22
22 20
0 8
1 9
2 10
3 11
4 12
5 13
6 14
7 15
16 20
17 21
19 23
18 22