36
2.0 0.0 0.0 1.0
1.41 0.0 0.707 0.707
1.0 0.0 1.0 1.0
0.0 2.0 0.0 1.0
0.0 1.41 0.707 0.707
0.0 1.0 1.0 1.0
1.41 1.41 0.0 0.707
1.0 1.0 0.5 0.5
0.707 0.707 0.707 0.707
-2.0 0.0 0.0 1.0
-1.41 0.0 0.707 0.707
-1.0 0.0 1.0 1.0
0.0 2.0 0.0 1.0
0.0 1.41 0.707 0.707
0.0 1.0 1.0 1.0
-1.41 1.41 0.0 0.707
-1.0 1.0 0.5 0.5
-0.707 0.707 0.707 0.707
-2.0 0.0 0.0 1.0
-1.41 0.0 0.707 0.707
-1.0 0.0 1.0 1.0
0.0 -2.0 0.0 1.0
0.0 -1.41 0.707 0.707
0.0 -1.0 1.0 1.0
-1.41 -1.41 0.0 0.707
-1.0 -1.0 0.5 0.5
-0.707 -0.707 0.707 0.707
2.0 0.0 0.0 1.0
1.41 0.0 0.707 0.707
1.0 0.0 1.0 1.0
0.0 -2.0 0.0 1.0
0.0 -1.41 0.707 0.707
0.0 -1.0 1.0 1.0
1.41 -1.41 0.0 0.707
1.0 -1.0 0.5 0.5
0.707 -0.707 0.707 0.707
4_
0 1 1 2
6 7 7 8
6 7 7 8
3 4 4 5
9 10 10 11
15 16 16 17
15 16 16 17
12 13 13 14
18 19 19 20
24 25 25 26
24 25 25 26
21 22 22 23
27 28 28 29
33 34 34 35
33 34 34 35
30 31 31 32